image: fibo_f2_loc.pgm
resolution: 0.030000
origin: [-27.317296, -20.858536, 0.000000]
negate: 0
occupied_thresh: 0.65
free_thresh: 0.196

